PosX=1540.056884
PosY=-1675.592773
PosZ=13.549849
PosR=30.000000
VW=0
Namekhuvuc=Los Santos Police !!
