PosX=245.974212
PosY=67.270149
PosZ=1003.640625
PosR=30.000000
VW=0
Namekhuvuc=LSPD
