PosX=701.876037
PosY=-2319.448242
PosZ=2007.800048
PosR=50.000000
VW=0
Namekhuvuc=Internet - NDP -
